0
0
0
0
0
0
0
0
0
0
0
0
0
0
0
0
0
0
0
0
0
0
0
0
0
0
0
0
0
0
0
0
0
0
0
0
0
0
0
0
0
0
0
0
0
0
0
0
0
0
0
0
0
0
0
0
0
0
0
0
0
0
0
0
0
0
0
0
0
0
0
0
0
0
0
0
0
0
0
0
0
0
0
0
0
0
0
0
0
0
0
0
0
0
0
0
0
0
0
0
0
0
0
0
0
0
0
0
0
0
0
0
0
0
0
0
0
0
0
0
0
0
0
0
0
0
0
0
0
0
0
0
0
0
0
0
0
0
0
0
0
0
0
0
0
0
0
0
0
0
0
0
0
0
0
0
0
0
0
0
0
0
0
0
0
0
0
0
0
0
0
0
0
0
0
0
0
0
0
0
0
0
0
0
0
0
0
0
0
0
0
0
0
0
0
0
0
0
0
0
69
69
256
581
384
320
704
128
256
256
256
512
704
448
512
192
320
448
640
320
0
0
0
0
0
0
0
0
0
0
0
0
0
0
0
0
0
0
0
0
0
133
133
197
640
640
448
576
512
384
576
512
128
256
320
320
384
384
320
384
384
512
576
320
448
256
448
256
512
128
256
384
448
640
192
320
256
256
512
576
768
448
256
640
256
384
320
640
256
192
448
384
1024
256
512
512
256
576
64
384
704
320
384
256
576
512
256
704
128
512
192
192
128
320
320
192
320
192
128
256
448
512
512
320
448
448
128
512
320
448
192
320
640
320
320
512
448
256
384
256
640
640
448
320
384
448
