0
0
0
0
0
0
0
0
0
0
0
0
0
0
0
0
0
0
0
0
0
0
0
0
0
0
0
0
0
0
0
0
0
0
0
0
0
0
0
0
0
0
0
0
0
0
0
0
0
0
0
261
517
965
1024
1088
645
1418
1920
2245
2565
2112
2112
2432
2816
2880
1984
2688
2368
3008
2304
2432
2688
1728
2560
1984
1856
3136
2944
2560
1792
1984
2816
2688
3072
2496
3072
2112
2688
2816
2688
2880
2496
2432
2304
2240
3072
2176
2944
2368
2496
2880
2560
2432
2432
2432
2496
1664
2496
2816
2880
2240
2240
1920
2560
2560
3008
2368
2560
2368
2944
2240
2304
1920
2624
1920
2624
2368
1728
2240
1792
2496
1728
2240
3008
2752
2176
2368
2368
2880
3200
2752
2432
2240
2880
2368
2112
2240
2368
2112
1728
1984
2816
3136
3136
3200
2752
2944
3776
3072
1920
3072
2560
2688
2496
3072
3008
1920
2496
3264
2048
2112
2624
3072
2560
2880
