0
0
0
0
0
0
0
0
0
0
0
0
0
0
0
0
0
0
0
0
0
0
0
0
0
0
0
0
0
0
0
0
0
0
0
0
0
0
0
0
0
0
0
0
0
0
0
0
0
0
0
0
0
0
0
0
0
0
0
0
0
0
0
0
0
0
0
0
0
0
0
0
0
0
0
0
0
0
0
0
0
0
0
0
0
0
0
0
0
0
0
0
0
0
0
0
0
0
0
0
0
0
0
0
0
0
0
0
0
0
0
0
0
0
0
0
0
0
0
0
0
0
0
0
0
0
0
0
0
0
0
0
0
0
0
0
0
0
0
0
0
0
0
0
0
0
0
0
0
0
0
0
0
0
0
0
0
0
0
0
0
0
0
0
0
0
0
0
0
0
0
0
0
0
0
0
0
0
0
0
0
0
0
0
0
0
0
0
0
0
0
0
0
0
0
0
0
0
0
0
0.0004982948303222656
0.0004863739013671875
0.00045418739318847656 0.0005245208740234375 0.00040221214294433594 0.0005550384521484375
0.0004885196685791016 0.00051116943359375 0.0004749298095703125 0.00036263465881347656 0.0003521442413330078 0.0004329681396484375 0.0005636215209960938 0.0004775524139404297 0.00043511390686035156
0.00043320655822753906 0.0005197525024414062 0.00045299530029296875 0.0004696846008300781 0.0004718303680419922 0.0003039836883544922
0.0004649162292480469 0.0005574226379394531 0.0005168914794921875 0.00042700767517089844 0.0004398822784423828
0.000484466552734375 0.0004260540008544922 0.00039124488830566406 0.0004215240478515625 0.00030803680419921875 0.00043082237243652344 0.0005543231964111328 0.0004420280456542969 0.0004215240478515625 0.00054168701171875 0.00046753883361816406
0.0005369186401367188 0.0005257129669189453
0.07679247856140137 0.0004305839538574219 0.0005366802215576172 0.0005013942718505859
0.00052642822265625 0.0004839897155761719 0.0004303455352783203 0.0005855560302734375
0.0005147457122802734 0.00047850608825683594 0.0004200935363769531 0.0005595684051513672
0.0004532337188720703 0.0004546642303466797 0.000431060791015625 0.00032901763916015625 0.0005016326904296875 0.00042891502380371094 0.00045990943908691406 0.0004394054412841797
0.00046372413635253906 0.0005090236663818359 0.0003578662872314453 0.0005030632019042969 0.00045299530029296875 0.00033402442932128906 0.00028634071350097656 0.0005245208740234375 0.000461578369140625 0.00048351287841796875 0.00045013427734375
0.00051116943359375 0.0005106925964355469 0.0005481243133544922 0.0004868507385253906 0.0006475448608398438 0.00046706199645996094 0.00032401084899902344
0.0005104541778564453 0.00042891502380371094 0.0004630088806152344 0.0005939006805419922 0.00048160552978515625 0.00040602684020996094 0.00036025047302246094 0.0005338191986083984
0.00045418739318847656 0.0006072521209716797 0.0004730224609375
0.0005443096160888672 0.000446319580078125 0.0004658699035644531 0.0004982948303222656 0.00046896934509277344
0.00044536590576171875 0.0004248619079589844 0.0004596710205078125 0.00039196014404296875 0.0005168914794921875 0.00039505958557128906 0.0005483627319335938
0.0004966259002685547 0.0004603862762451172 0.0004341602325439453 0.0005054473876953125 0.0004608631134033203 0.0005242824554443359 0.0005621910095214844 0.0005712509155273438 0.00044608116149902344 0.00041961669921875
0.0005855560302734375 0.0005342960357666016 0.00044274330139160156 0.0004787445068359375 0.0005004405975341797
0
0
0
0
0
0
0
0
0
0
0
0
0
0
0
0
0
0
0
0
0
0.0004107952117919922 0.0005092620849609375
0.00047588348388671875 0.0006105899810791016
0.0005185604095458984 0.0005326271057128906 0.00048065185546875
0.00038051605224609375 0.0004355907440185547 0.00045299530029296875 0.0003902912139892578 0.00044226646423339844 0.0005640983581542969 0.00047278404235839844 0.00043964385986328125 0.0003285408020019531 0.00036525726318359375
0.0005095005035400391 0.00043082237243652344 0.0003943443298339844 0.0004019737243652344 0.00046372413635253906 0.0005192756652832031 0.0004553794860839844 0.00023984909057617188 0.000438690185546875 0.0003743171691894531
0.0004978179931640625 0.0003514289855957031 0.0004467964172363281 0.00046563148498535156 0.0005757808685302734 0.0004398822784423828 0.00052642822265625
0.0005104541778564453 0.0004220008850097656 0.0005409717559814453 0.0004436969757080078 0.00046563148498535156 0.00038051605224609375 0.00033855438232421875 0.0003502368927001953 0.0004966259002685547
0.00040221214294433594 0.00036525726318359375 0.0004305839538574219 0.0004405975341796875 0.0004684925079345703 0.0005724430084228516 0.00043201446533203125 0.0004911422729492188
0.0004665851593017578 0.00069427490234375 0.0003657341003417969 0.0005078315734863281 0.00039649009704589844 0.00043964385986328125
0.0004086494445800781 0.00044155120849609375 0.0004897117614746094 0.0004177093505859375 0.00032830238342285156 0.0004565715789794922 0.0003216266632080078 0.00040411949157714844 0.0005419254302978516
0.00043845176696777344 0.0004467964172363281 0.0004642009735107422 0.0004012584686279297 0.00047469139099121094 0.0003886222839355469 0.0003859996795654297 0.0003497600555419922
0.000431060791015625 0.0005054473876953125
0.0005588531494140625 0.0004744529724121094 0.0004868507385253906 0.00041985511779785156
0.0004444122314453125 0.0004899501800537109 0.0004458427429199219 0.00044155120849609375 0.0004832744598388672
0.00047326087951660156 0.000537872314453125 0.0005156993865966797 0.0004477500915527344 0.0005130767822265625
0.0005335807800292969 0.0005369186401367188 0.0005383491516113281 0.0005495548248291016 0.00048351287841796875 0.0005433559417724609
0.0005285739898681641 0.0004832744598388672 0.0004932880401611328 0.0005130767822265625 0.0006091594696044922 0.0006203651428222656
0.0005042552947998047 0.0005190372467041016 0.0006358623504638672 0.000637054443359375 0.0005640983581542969
0.0005509853363037109 0.0004913806915283203 0.0006477832794189453 0.0005328655242919922 0.0006351470947265625 0.0006361007690429688
0.0006258487701416016 0.0005939006805419922 0.0006277561187744141 0.0005116462707519531 0.0007014274597167969 0.00052642822265625
0.0006425380706787109 0.0005345344543457031 0.0006697177886962891 0.0005590915679931641 0.0006196498870849609 0.0005755424499511719 0.0005805492401123047 0.0005269050598144531
0.0005841255187988281 0.0006504058837890625 0.0005855560302734375 0.0005745887756347656 0.00058746337890625 0.0006439685821533203 0.0005905628204345703 0.0006792545318603516 0.0005767345428466797
0.0007076263427734375 0.0006167888641357422 0.0005915164947509766 0.0006322860717773438 0.0005750656127929688
0.0006089210510253906 0.0006632804870605469 0.0006513595581054688 0.0006361007690429688 0.0007925033569335938 0.0005381107330322266 0.000591278076171875
0.0006361007690429688 0.0007615089416503906 0.0005612373352050781 0.0007503032684326172
0.0005922317504882812 0.0006678104400634766 0.0005471706390380859 0.0004875659942626953 0.0006253719329833984 0.0005288124084472656 0.0005776882171630859
0.0006482601165771484 0.0006046295166015625 0.0004978179931640625 0.0006339550018310547
0.0006661415100097656 0.0006110668182373047 0.0006399154663085938 0.0005838871002197266 0.0006220340728759766 0.0005548000335693359 0.0007655620574951172 0.0006074905395507812
0.0007760524749755859 0.0006787776947021484
0.000606536865234375 0.0005996227264404297 0.0005304813385009766 0.0006372928619384766
0.0007314682006835938 0.0005741119384765625 0.0006463527679443359 0.0005323886871337891 0.0006418228149414062 0.0006327629089355469
0.00061798095703125 0.0005443096160888672 0.0006840229034423828 0.0006566047668457031 0.0005848407745361328 0.0006272792816162109 0.0006356239318847656
0.0006051063537597656 0.0006361007690429688 0.0005507469177246094 0.0005817413330078125 0.0006823539733886719 0.0005559921264648438 0.0006017684936523438 0.0005705356597900391 0.0006098747253417969 0.0006787776947021484
0.0006992816925048828 0.0005857944488525391 0.0008065700531005859
0.0007607936859130859 0.0006394386291503906 0.0006592273712158203 0.0006616115570068359 0.0005936622619628906
0.0006575584411621094 0.0007138252258300781 0.0006270408630371094 0.0007078647613525391
0.0005855560302734375 0.0006084442138671875 0.0005984306335449219 0.0006222724914550781
0.0006234645843505859 0.0005602836608886719 0.0006606578826904297 0.0006704330444335938 0.0006418228149414062 0.0006096363067626953 0.0005552768707275391 0.0005962848663330078
0.0005779266357421875 0.0006475448608398438 0.0005543231964111328 0.0006473064422607422 0.0005903244018554688 0.0005078315734863281 0.0006377696990966797 0.0005168914794921875 0.0005955696105957031
0.000537872314453125 0.0005855560302734375 0.0005896091461181641 0.0005967617034912109 0.0005826950073242188 0.0005660057067871094 0.0004801750183105469 0.0005524158477783203 0.0005595684051513672 0.0006282329559326172 0.0005633831024169922 0.0006086826324462891
0.0006327629089355469 0.0006048679351806641 0.0006673336029052734 0.0005576610565185547 0.0005986690521240234 0.0006213188171386719 0.0005702972412109375
0.0006756782531738281 0.0005970001220703125 0.0005929470062255859 0.0006222724914550781
0.0005419254302978516 0.0004563331604003906 0.00047850608825683594 0.00042176246643066406 0.0004837512969970703 0.0004665851593017578 0.0006070137023925781 0.0005970001220703125 0.0005857944488525391 0.0005748271942138672
0.0006258487701416016 0.0005626678466796875 0.0005974769592285156 0.0006029605865478516
0.0005919933319091797 0.0005998611450195312 0.0005884170532226562 0.0005686283111572266 0.0005419254302978516 0.0005006790161132812
0.0005221366882324219 0.0005922317504882812 0.0006458759307861328 0.0005965232849121094 0.0005564689636230469
0.0006389617919921875 0.0005636215209960938 0.0006265640258789062 0.00048351287841796875 0.000652313232421875 0.0006194114685058594 0.0005533695220947266 0.0005893707275390625 0.0005488395690917969 0.0006077289581298828
0.0005877017974853516 0.0006086826324462891 0.0005605220794677734 0.0006358623504638672
0.0005826950073242188 0.000614166259765625 0.0006237030029296875
0.0006783008575439453 0.0006077289581298828 0.0005495548248291016 0.0006296634674072266 0.0005776882171630859 0.00061798095703125 0.0005328655242919922
0.0006365776062011719 0.0005939006805419922 0.0005922317504882812 0.0006170272827148438 0.0005967617034912109 0.0005922317504882812
0.0006501674652099609 0.0005657672882080078 0.0006399154663085938 0.0005223751068115234 0.0005137920379638672 0.0003974437713623047 0.0004937648773193359 0.0009083747863769531 0.0005052089691162109 0.0006291866302490234 0.0005323886871337891 0.0004994869232177734 0.0006268024444580078 0.0005955696105957031 0.0006084442138671875 0.0005986690521240234
0.0005977153778076172 0.00064849853515625 0.000598907470703125 0.0006444454193115234
0.000576019287109375 0.0006055831909179688 0.0006041526794433594 0.0005908012390136719 0.0006000995635986328 0.0006401538848876953 0.0005953311920166016 0.0005676746368408203
0.0006716251373291016 0.0006139278411865234 0.0005762577056884766 0.0005321502685546875 0.00052642822265625 0.000667572021484375 0.0005478858947753906 0.0005807876586914062
0.0006275177001953125 0.0005261898040771484 0.0006241798400878906 0.0006606578826904297
0.0005688667297363281 0.0005884170532226562 0.0006093978881835938 0.00063323974609375 0.0005526542663574219 0.0006494522094726562 0.0005748271942138672 0.0005939006805419922 0.0006439685821533203
0.0005958080291748047
0.0005972385406494141 0.0005602836608886719 0.0006234645843505859 0.0005450248718261719 0.0005362033843994141 0.0006361007690429688
0.0007081031799316406 0.0005486011505126953 0.0006554126739501953 0.0005412101745605469 0.0005252361297607422 0.0004978179931640625 0.0005910396575927734 0.0006029605865478516 0.0005364418029785156 0.0005071163177490234 0.0006139278411865234
0.0005612373352050781 0.0006139278411865234 0.0005474090576171875 0.0005793571472167969 0.0006613731384277344
0.0005931854248046875 0.0005881786346435547 0.0005660057067871094 0.0006427764892578125 0.0005350112915039062 0.0007157325744628906
0.0006577968597412109 0.0006210803985595703 0.0006833076477050781 0.0005519390106201172
0.0006098747253417969 0.00058746337890625 0.0005486011505126953 0.0005042552947998047 0.0005342960357666016 0.0006706714630126953 0.0005550384521484375 0.0005807876586914062 0.0005702972412109375
0.0005853176116943359 0.0005881786346435547 0.0005390644073486328 0.0006291866302490234 0.0006091594696044922 0.0006756782531738281 0.0006349086761474609 0.0005667209625244141
0.0005359649658203125 0.0006105899810791016 0.0005865097045898438 0.000659942626953125
0.0006768703460693359 0.0005736351013183594 0.0006003379821777344 0.0006103515625 0.0005242824554443359 0.0006241798400878906 0.0005118846893310547 0.0006182193756103516 0.0006644725799560547 0.0005605220794677734 0.0006780624389648438
0.0006172657012939453 0.0005443096160888672
0.0006260871887207031 0.0005717277526855469 0.0005259513854980469 0.0006928443908691406 0.0005161762237548828 0.0006587505340576172 0.0006031990051269531 0.00060272216796875
0.0006833076477050781 0.0006077289581298828 0.0005767345428466797
0.0006084442138671875 0.0010745525360107422 0.0006361007690429688
0.0005834102630615234 0.0006921291351318359
0.0006346702575683594 0.0006685256958007812 0.0005972385406494141 0.0006155967712402344 0.0005741119384765625
0.0006084442138671875 0.0006203651428222656 0.0004935264587402344 0.0004630088806152344 0.0006165504455566406
0.0006244182586669922 0.0006177425384521484 0.0005784034729003906
0.0006103515625 0.0005509853363037109 0.0005154609680175781 0.0006399154663085938 0.0006113052368164062
0.0005958080291748047 0.00061798095703125 0.000637054443359375
0.0005857944488525391 0.000621795654296875
0.0005791187286376953 0.0006146430969238281 0.000583648681640625 0.0005991458892822266
0.0006053447723388672 0.0006122589111328125 0.0004425048828125 0.00058746337890625 0.0005972385406494141 0.0006327629089355469 0.0006184577941894531
0.000621795654296875 0.0005621910095214844 0.0005273818969726562 0.0005881786346435547 0.00047326087951660156 0.0004944801330566406 0.20810580253601074 0.0006315708160400391
0.0005648136138916016 0.0006117820739746094 0.0005872249603271484 0.0006732940673828125 0.0005390644073486328 0.0005490779876708984 0.0005433559417724609 0.00060272216796875
0.00067138671875 0.0005466938018798828 0.0005488395690917969 0.000553131103515625 0.00064849853515625
0.00060272216796875 0.0006151199340820312 0.0006122589111328125 0.0005843639373779297 0.0005750656127929688 0.0005850791931152344 0.0005974769592285156
0.0005950927734375 0.0005917549133300781 0.0006024837493896484 0.0006382465362548828 0.0006680488586425781 0.0006325244903564453 0.0006701946258544922
0.0006122589111328125 0.0005893707275390625
0.0006186962127685547 0.0005872249603271484 0.0005731582641601562 0.0006163120269775391 0.0005335807800292969 0.0005652904510498047 0.0005860328674316406 0.0006461143493652344
0.0005910396575927734 0.0005726814270019531 0.0006430149078369141 0.0006039142608642578 0.0005757808685302734
0.0006229877471923828 0.0006258487701416016 0.0005631446838378906 0.0006668567657470703 0.0006191730499267578 0.0006210803985595703 0.0006537437438964844
0.0006518363952636719 0.0006206035614013672 0.0006444454193115234
0.0006318092346191406 0.0006825923919677734 0.0005998611450195312 0.0005080699920654297 0.0005745887756347656
0.0005905628204345703 0.0005555152893066406 0.0005886554718017578 0.0006201267242431641 0.0006167888641357422 0.0005612373352050781 0.0005648136138916016 0.0007081031799316406 0.0005741119384765625 0.0005693435668945312
0.0006380081176757812 0.0006308555603027344 0.0005435943603515625 0.0005147457122802734 0.0006113052368164062
0.0006411075592041016 0.0005822181701660156 0.0007500648498535156 0.0005452632904052734 0.000560760498046875
0.0006422996520996094 0.0006184577941894531 0.0006413459777832031 0.0005705356597900391 0.0005846023559570312 0.0004901885986328125 0.000606536865234375 0.0005753040313720703
0.0006458759307861328 0.0006291866302490234 0.0005674362182617188 0.0005908012390136719 0.000579833984375 0.000598907470703125 0.0005872249603271484
0.0006232261657714844 0.0005919933319091797 0.0006282329559326172 0.0006415843963623047
0.0005509853363037109 0.0005667209625244141 0.0005345344543457031 0.0006046295166015625 0.0005018711090087891 0.0006115436553955078
0.0006494522094726562 0.0005574226379394531 0.0006470680236816406 0.0006730556488037109
0.0005962848663330078 0.0006144046783447266 0.0006482601165771484 0.0005328655242919922 0.0005710124969482422 0.0005538463592529297 0.0006010532379150391 0.0004830360412597656 0.0005326271057128906 0.0004711151123046875
0.0006024837493896484 0.00048828125 0.00058746337890625 0.0006003379821777344 0.0004894733428955078 0.0004837512969970703 0.0006248950958251953 0.0005838871002197266 0.0006377696990966797 0.0004935264587402344
0.0005967617034912109 0.0006265640258789062 0.0005245208740234375 0.0005536079406738281 0.0004496574401855469 0.0005948543548583984 0.0004911422729492188
0.0006458759307861328 0.000621795654296875 0.0005586147308349609 0.0006785392761230469 0.0005640983581542969
0.0006020069122314453 0.0005726814270019531 0.0006375312805175781 0.0006074905395507812 0.0005764961242675781 0.0003910064697265625
0.000667572021484375 0.0005924701690673828 0.0006241798400878906 0.0005257129669189453 0.0005679130554199219 0.0005629062652587891 0.0005714893341064453
